(0.10,0.00)
(0.20,0.00)
(0.30,0.00)
(0.40,0.00)
(0.50,0.00)
(0.60,0.00)
(0.70,0.00)
(0.80,0.00)
(0.90,0.00)
(1.00,0.00)
(1.10,0.00)
(1.20,0.00)
(1.30,0.00)
(1.40,0.00)
(1.50,0.00)
(1.60,0.00)
(1.70,0.00)
(1.80,0.00)
(1.90,0.00)
(2.00,0.00)
(2.10,0.00)
(2.20,0.00)
(2.30,0.00)
(2.40,0.00)
(2.50,0.00)
(2.60,0.00)
(2.70,0.00)
(2.80,0.00)
(2.90,0.00)
(3.00,0.00)
(3.10,0.00)
(3.20,0.00)
(3.30,0.00)
(3.40,0.00)
(3.50,0.00)
(3.60,0.00)
(3.70,0.00)
(3.80,0.00)
(3.90,0.00)
(4.00,0.00)
(4.10,0.00)
(4.20,0.00)
(4.30,0.00)
(4.40,0.00)
(4.50,0.00)
(4.60,0.00)
(4.70,0.00)
(4.80,0.00)
(4.90,0.00)
(5.00,0.00)
(5.10,0.00)
(5.20,0.00)
(5.30,0.00)
(5.40,0.00)
(5.50,0.00)
(5.60,0.00)
(5.70,0.00)
(5.80,0.00)
(5.90,0.00)
(6.00,0.00)
(6.10,0.00)
(6.20,0.00)
(6.30,0.00)
(6.40,0.00)
(6.50,0.00)
(6.60,0.00)
(6.70,0.00)
(6.80,0.00)
(6.90,0.00)
(7.00,0.00)
(7.10,0.00)
(7.20,0.00)
(7.30,0.00)
(7.40,0.00)
(7.50,0.00)
(7.60,0.00)
(7.70,0.00)
(7.80,0.00)
(7.90,0.00)
(8.00,0.00)
(8.10,0.00)
(8.20,0.00)
(8.30,0.00)
(8.40,0.00)
(8.50,0.00)
(8.60,0.00)
(8.70,0.01)
(8.80,0.01)
(8.90,0.01)
(9.00,0.01)
(9.10,0.01)
(9.20,0.02)
(9.30,0.02)
(9.40,0.02)
(9.50,0.02)
(9.60,0.03)
(9.70,0.03)
(9.80,0.03)
(9.90,0.04)
(10.00,0.04)
(10.10,0.04)
(10.20,0.05)
(10.30,0.05)
(10.40,0.06)
(10.50,0.06)
(10.60,0.07)
(10.70,0.07)
(10.80,0.08)
(10.90,0.08)
(11.00,0.09)
(11.10,0.09)
(11.20,0.10)
(11.30,0.10)
(11.40,0.11)
(11.50,0.12)
(11.60,0.12)
(11.70,0.13)
(11.80,0.14)
(11.90,0.14)
(12.00,0.15)
(12.10,0.16)
(12.20,0.17)
(12.30,0.17)
(12.40,0.18)
(12.49,0.19)
(12.59,0.20)
(12.69,0.21)
(12.79,0.21)
(12.89,0.22)
(12.99,0.23)
(13.09,0.24)
(13.19,0.25)
(13.29,0.26)
(13.39,0.27)
(13.49,0.28)
(13.59,0.29)
(13.69,0.30)
(13.79,0.31)
(13.89,0.32)
(13.99,0.33)
(14.09,0.34)
(14.19,0.35)
(14.29,0.36)
(14.39,0.37)
(14.49,0.39)
(14.58,0.40)
(14.68,0.41)
(14.78,0.42)
(14.88,0.43)
(14.98,0.45)
(15.08,0.46)
(15.18,0.47)
(15.28,0.48)
(15.38,0.50)
(15.48,0.51)
(15.58,0.52)
(15.68,0.54)
(15.77,0.55)
(15.87,0.56)
(15.97,0.58)
(16.07,0.59)
(16.17,0.61)
(16.27,0.62)
(16.37,0.64)
(16.47,0.65)
(16.57,0.67)
(16.66,0.68)
(16.76,0.70)
(16.86,0.71)
(16.96,0.73)
(17.06,0.75)
(17.16,0.76)
(17.26,0.78)
(17.36,0.79)
(17.45,0.81)
(17.55,0.83)
(17.65,0.84)
(17.75,0.86)
(17.85,0.88)
(17.95,0.90)
(18.05,0.91)
(18.14,0.93)
(18.24,0.95)
(18.34,0.97)
(18.44,0.99)
(18.54,1.01)
(18.64,1.02)
(18.73,1.04)
(18.83,1.06)
(18.93,1.08)
(19.03,1.10)
(19.13,1.12)
(19.22,1.14)
(19.32,1.16)
(19.42,1.18)
(19.52,1.20)
(19.62,1.22)
(19.71,1.24)
(19.81,1.26)
(19.91,1.28)
(20.01,1.30)
(20.10,1.33)
(20.20,1.35)
(20.30,1.37)
(20.40,1.39)
(20.50,1.41)
(20.59,1.43)
(20.69,1.46)
(20.79,1.48)
(20.88,1.50)
(20.98,1.53)
(21.08,1.55)
(21.18,1.57)
(21.27,1.59)
(21.37,1.62)
(21.47,1.64)
(21.57,1.67)
(21.66,1.69)
(21.76,1.71)
(21.86,1.74)
(21.95,1.76)
(22.05,1.79)
(22.15,1.81)
(22.24,1.84)
(22.34,1.86)
(22.44,1.89)
(22.53,1.91)
(22.63,1.94)
(22.73,1.97)
(22.82,1.99)
(22.92,2.02)
(23.02,2.04)
(23.11,2.07)
(23.21,2.10)
(23.31,2.12)
(23.40,2.15)
(23.50,2.18)
(23.59,2.21)
(23.69,2.23)
(23.79,2.26)
(23.88,2.29)
(23.98,2.32)
(24.07,2.35)
(24.17,2.37)
(24.27,2.40)
(24.36,2.43)
(24.46,2.46)
(24.55,2.49)
(24.65,2.52)
(24.75,2.55)
(24.84,2.58)
(24.94,2.61)
(25.03,2.64)
(25.13,2.67)
(25.22,2.70)
(25.32,2.73)
(25.41,2.76)
(25.51,2.79)
(25.60,2.82)
(25.70,2.85)
(25.79,2.88)
(25.89,2.91)
(25.98,2.94)
(26.08,2.98)
(26.17,3.01)
(26.27,3.04)
(26.36,3.07)
(26.46,3.11)
(26.55,3.14)
(26.65,3.17)
(26.74,3.20)
(26.83,3.24)
(26.93,3.27)
(27.02,3.30)
(27.12,3.34)
(27.21,3.37)
(27.31,3.40)
(27.40,3.44)
(27.49,3.47)
(27.59,3.51)
(27.68,3.54)
(27.77,3.58)
(27.87,3.61)
(27.96,3.65)
(28.06,3.68)
(28.15,3.72)
(28.24,3.75)
(28.34,3.79)
(28.43,3.82)
(28.52,3.86)
(28.62,3.90)
(28.71,3.93)
(28.80,3.97)
(28.90,4.01)
(28.99,4.04)
(29.08,4.08)
(29.17,4.12)
(29.27,4.15)
(29.36,4.19)
(29.45,4.23)
(29.54,4.27)
(29.64,4.30)
(29.73,4.34)
(29.82,4.38)
(29.91,4.42)
(30.01,4.46)
(30.10,4.50)
(30.19,4.54)
(30.28,4.57)
(30.38,4.61)
(30.47,4.65)
(30.56,4.69)
(30.65,4.73)
(30.74,4.77)
(30.83,4.81)
(30.93,4.85)
(31.02,4.89)
(31.11,4.93)
(31.20,4.97)
(31.29,5.01)
(31.38,5.06)
(31.47,5.10)
pendown
(31.56,5.14)
(31.66,5.18)
(31.75,5.22)
(31.84,5.26)
(31.93,5.30)
(32.02,5.35)
(32.11,5.39)
(32.20,5.43)
(32.29,5.47)
(32.38,5.52)
(32.47,5.56)
(32.56,5.60)
(32.65,5.65)
(32.74,5.69)
(32.83,5.73)
(32.92,5.78)
(33.01,5.82)
(33.10,5.86)
(33.19,5.91)
(33.28,5.95)
(33.37,6.00)
(33.46,6.04)
(33.55,6.09)
(33.64,6.13)
(33.73,6.18)
(33.82,6.22)
(33.91,6.27)
(34.00,6.31)
(34.08,6.36)
(34.17,6.40)
(34.26,6.45)
(34.35,6.50)
(34.44,6.54)
(34.53,6.59)
(34.62,6.64)
(34.70,6.68)
(34.79,6.73)
(34.88,6.78)
(34.97,6.82)
(35.06,6.87)
(35.15,6.92)
(35.23,6.97)
(35.32,7.01)
(35.41,7.06)
(35.50,7.11)
(35.58,7.16)
(35.67,7.21)
(35.76,7.26)
(35.85,7.31)
(35.93,7.35)
(36.02,7.40)
(36.11,7.45)
(36.19,7.50)
(36.28,7.55)
(36.37,7.60)
(36.45,7.65)
(36.54,7.70)
(36.63,7.75)
(36.71,7.80)
(36.80,7.85)
(36.89,7.90)
(36.97,7.95)
(37.06,8.00)
(37.14,8.06)
(37.23,8.11)
(37.32,8.16)
(37.40,8.21)
(37.49,8.26)
(37.57,8.31)
(37.66,8.36)
(37.74,8.42)
(37.83,8.47)
(37.91,8.52)
(38.00,8.57)
(38.08,8.63)
(38.17,8.68)
(38.25,8.73)
(38.34,8.79)
(38.42,8.84)
(38.51,8.89)
(38.59,8.95)
(38.68,9.00)
(38.76,9.05)
(38.85,9.11)
(38.93,9.16)
(39.01,9.22)
(39.10,9.27)
(39.18,9.33)
(39.26,9.38)
(39.35,9.43)
(39.43,9.49)
(39.52,9.55)
(39.60,9.60)
(39.68,9.66)
(39.76,9.71)
(39.85,9.77)
(39.93,9.82)
(40.01,9.88)
(40.10,9.94)
(40.18,9.99)
(40.26,10.05)
(40.34,10.11)
(40.43,10.16)
(40.51,10.22)
(40.59,10.28)
(40.67,10.33)
(40.75,10.39)
(40.84,10.45)
(40.92,10.51)
(41.00,10.56)
(41.08,10.62)
(41.16,10.68)
(41.24,10.74)
(41.33,10.80)
(41.41,10.85)
(41.49,10.91)
(41.57,10.97)
(41.65,11.03)
(41.73,11.09)
(41.81,11.15)
(41.89,11.21)
(41.97,11.27)
(42.05,11.33)
(42.13,11.39)
(42.21,11.45)
(42.29,11.51)
(42.37,11.57)
(42.45,11.63)
(42.53,11.69)
(42.61,11.75)
(42.69,11.81)
(42.77,11.87)
(42.85,11.93)
(42.93,11.99)
(43.01,12.05)
(43.09,12.12)
(43.16,12.18)
(43.24,12.24)
(43.32,12.30)
(43.40,12.36)
(43.48,12.42)
(43.56,12.49)
(43.63,12.55)
(43.71,12.61)
(43.79,12.67)
(43.87,12.74)
(43.95,12.80)
(44.02,12.86)
(44.10,12.93)
(44.18,12.99)
(44.26,13.05)
(44.33,13.12)
(44.41,13.18)
(44.49,13.24)
(44.56,13.31)
(44.64,13.37)
(44.72,13.44)
(44.79,13.50)
(44.87,13.57)
(44.95,13.63)
(45.02,13.70)
(45.10,13.76)
(45.17,13.83)
(45.25,13.89)
(45.33,13.96)
(45.40,14.02)
(45.48,14.09)
(45.55,14.15)
(45.63,14.22)
(45.70,14.28)
(45.78,14.35)
(45.85,14.42)
(45.93,14.48)
(46.00,14.55)
(46.08,14.62)
(46.15,14.68)
(46.23,14.75)
(46.30,14.82)
(46.37,14.88)
(46.45,14.95)
(46.52,15.02)
(46.60,15.09)
(46.67,15.15)
(46.74,15.22)
(46.82,15.29)
(46.89,15.36)
(46.96,15.43)
(47.04,15.49)
(47.11,15.56)
(47.18,15.63)
(47.25,15.70)
(47.33,15.77)
(47.40,15.84)
(47.47,15.91)
(47.54,15.98)
(47.62,16.05)
(47.69,16.12)
(47.76,16.18)
(47.83,16.25)
(47.90,16.32)
(47.97,16.39)
(48.04,16.46)
(48.12,16.53)
(48.19,16.61)
(48.26,16.68)
(48.33,16.75)
(48.40,16.82)
(48.47,16.89)
(48.54,16.96)
(48.61,17.03)
(48.68,17.10)
(48.75,17.17)
(48.82,17.24)
(48.89,17.32)
(48.96,17.39)
(49.03,17.46)
(49.10,17.53)
(49.17,17.60)
(49.24,17.67)
(49.31,17.75)
(49.38,17.82)
(49.45,17.89)
(49.51,17.96)
(49.58,18.04)
(49.65,18.11)
(49.72,18.18)
(49.79,18.26)
(49.86,18.33)
(49.92,18.40)
(49.99,18.48)
(50.06,18.55)
(50.13,18.62)
(50.19,18.70)
(50.26,18.77)
(50.33,18.85)
(50.40,18.92)
(50.46,18.99)
(50.53,19.07)
(50.60,19.14)
(50.66,19.22)
(50.73,19.29)
(50.80,19.37)
(50.86,19.44)
(50.93,19.52)
(50.99,19.59)
(51.06,19.67)
(51.12,19.74)
(51.19,19.82)
(51.26,19.90)
(51.32,19.97)
(51.39,20.05)
(51.45,20.12)
(51.52,20.20)
(51.58,20.28)
(51.64,20.35)
(51.71,20.43)
(51.77,20.51)
(51.84,20.58)
(51.90,20.66)
(51.97,20.74)
(52.03,20.81)
(52.09,20.89)
(52.16,20.97)
(52.22,21.04)
(52.28,21.12)
(52.35,21.20)
(52.41,21.28)
(52.47,21.36)
(52.53,21.43)
(52.60,21.51)
(52.66,21.59)
(52.72,21.67)
(52.78,21.75)
(52.85,21.82)
(52.91,21.90)
(52.97,21.98)
(53.03,22.06)
(53.09,22.14)
(53.15,22.22)
(53.21,22.30)
(53.28,22.38)
(53.34,22.46)
(53.40,22.54)
(53.46,22.61)
(53.52,22.69)
(53.58,22.77)
(53.64,22.85)
(53.70,22.93)
(53.76,23.01)
(53.82,23.09)
(53.88,23.17)
(53.94,23.26)
(54.00,23.34)
(54.06,23.42)
(54.11,23.50)
(54.17,23.58)
(54.23,23.66)
(54.29,23.74)
(54.35,23.82)
(54.41,23.90)
(54.47,23.98)
(54.52,24.06)
(54.58,24.15)
(54.64,24.23)
(54.70,24.31)
(54.76,24.39)
(54.81,24.47)
(54.87,24.56)
(54.93,24.64)
(54.98,24.72)
(55.04,24.80)
(55.10,24.88)
(55.15,24.97)
(55.21,25.05)
(55.27,25.13)
(55.32,25.21)
(55.38,25.30)
(55.43,25.38)
(55.49,25.46)
(55.55,25.55)
(55.60,25.63)
(55.66,25.71)
(55.71,25.80)
(55.77,25.88)
(55.82,25.96)
(55.88,26.05)
(55.93,26.13)
(55.98,26.22)
(56.04,26.30)
(56.09,26.38)
(56.15,26.47)
(56.20,26.55)
(56.25,26.64)
(56.31,26.72)
(56.36,26.81)
(56.41,26.89)
(56.47,26.98)
(56.52,27.06)
(56.57,27.15)
(56.62,27.23)
(56.68,27.32)
(56.73,27.40)
(56.78,27.49)
(56.83,27.57)
(56.88,27.66)
(56.94,27.74)
(56.99,27.83)
(57.04,27.91)
(57.09,28.00)
(57.14,28.09)
(57.19,28.17)
(57.24,28.26)
(57.29,28.35)
(57.34,28.43)
(57.39,28.52)
(57.44,28.60)
(57.49,28.69)
(57.54,28.78)
(57.59,28.86)
(57.64,28.95)
(57.69,29.04)
(57.74,29.13)
(57.79,29.21)
(57.84,29.30)
(57.89,29.39)
(57.94,29.47)
(57.99,29.56)
(58.03,29.65)
(58.08,29.74)
(58.13,29.82)
(58.18,29.91)
(58.23,30.00)
(58.27,30.09)
(58.32,30.18)
(58.37,30.26)
(58.42,30.35)
(58.46,30.44)
(58.51,30.53)
(58.56,30.62)
(58.60,30.71)
(58.65,30.80)
(58.70,30.88)
(58.74,30.97)
(58.79,31.06)
(58.83,31.15)
(58.88,31.24)
(58.92,31.33)
(58.97,31.42)
penup
(59.01,31.51)
(59.06,31.60)
(59.10,31.69)
(59.15,31.78)
(59.19,31.86)
(59.24,31.95)
(59.28,32.04)
(59.33,32.13)
(59.37,32.22)
(59.41,32.31)
(59.46,32.40)
(59.50,32.49)
(59.54,32.58)
(59.59,32.67)
(59.63,32.76)
(59.67,32.86)
(59.71,32.95)
(59.76,33.04)
(59.80,33.13)
(59.84,33.22)
(59.88,33.31)
(59.92,33.40)
(59.97,33.49)
(60.01,33.58)
(60.05,33.67)
(60.09,33.76)
(60.13,33.85)
(60.17,33.95)
(60.21,34.04)
(60.25,34.13)
(60.29,34.22)
(60.33,34.31)
(60.37,34.40)
(60.41,34.49)
(60.45,34.59)
(60.49,34.68)
(60.53,34.77)
(60.57,34.86)
(60.61,34.95)
(60.65,35.05)
(60.69,35.14)
(60.73,35.23)
(60.77,35.32)
(60.80,35.42)
(60.84,35.51)
(60.88,35.60)
(60.92,35.69)
(60.95,35.79)
(60.99,35.88)
(61.03,35.97)
(61.07,36.06)
(61.10,36.16)
(61.14,36.25)
(61.18,36.34)
(61.21,36.44)
(61.25,36.53)
(61.29,36.62)
(61.32,36.72)
(61.36,36.81)
(61.39,36.90)
(61.43,37.00)
(61.46,37.09)
(61.50,37.18)
(61.53,37.28)
(61.57,37.37)
(61.60,37.46)
(61.64,37.56)
(61.67,37.65)
(61.71,37.75)
(61.74,37.84)
(61.78,37.93)
(61.81,38.03)
(61.84,38.12)
(61.88,38.22)
(61.91,38.31)
(61.94,38.41)
(61.98,38.50)
(62.01,38.59)
(62.04,38.69)
(62.07,38.78)
(62.11,38.88)
(62.14,38.97)
(62.17,39.07)
(62.20,39.16)
(62.23,39.26)
(62.26,39.35)
(62.29,39.45)
(62.33,39.54)
(62.36,39.64)
(62.39,39.73)
(62.42,39.83)
(62.45,39.92)
(62.48,40.02)
(62.51,40.11)
(62.54,40.21)
(62.57,40.31)
(62.60,40.40)
(62.63,40.50)
(62.66,40.59)
(62.69,40.69)
(62.71,40.78)
(62.74,40.88)
(62.77,40.97)
(62.80,41.07)
(62.83,41.17)
(62.86,41.26)
(62.88,41.36)
(62.91,41.45)
(62.94,41.55)
(62.97,41.65)
(62.99,41.74)
(63.02,41.84)
(63.05,41.94)
(63.08,42.03)
(63.10,42.13)
(63.13,42.23)
(63.15,42.32)
(63.18,42.42)
(63.21,42.51)
(63.23,42.61)
(63.26,42.71)
pendown
(63.28,42.80)
(63.31,42.90)
(63.33,43.00)
(63.36,43.10)
(63.38,43.19)
(63.41,43.29)
(63.43,43.39)
(63.46,43.48)
(63.48,43.58)
(63.50,43.68)
(63.53,43.77)
(63.55,43.87)
(63.57,43.97)
(63.60,44.07)
(63.62,44.16)
(63.64,44.26)
(63.67,44.36)
(63.69,44.46)
(63.71,44.55)
(63.73,44.65)
(63.75,44.75)
(63.78,44.85)
(63.80,44.94)
(63.82,45.04)
(63.84,45.14)
(63.86,45.24)
(63.88,45.33)
(63.90,45.43)
(63.92,45.53)
(63.95,45.63)
(63.97,45.73)
(63.99,45.82)
(64.01,45.92)
(64.03,46.02)
(64.04,46.12)
(64.06,46.22)
(64.08,46.31)
(64.10,46.41)
(64.12,46.51)
(64.14,46.61)
(64.16,46.71)
(64.18,46.81)
(64.20,46.90)
(64.21,47.00)
(64.23,47.10)
(64.25,47.20)
(64.27,47.30)
(64.28,47.40)
(64.30,47.49)
(64.32,47.59)
(64.34,47.69)
(64.35,47.79)
(64.37,47.89)
(64.38,47.99)
(64.40,48.09)
(64.42,48.18)
(64.43,48.28)
(64.45,48.38)
(64.46,48.48)
(64.48,48.58)
(64.49,48.68)
(64.51,48.78)
(64.52,48.88)
(64.54,48.98)
(64.55,49.07)
(64.57,49.17)
(64.58,49.27)
(64.60,49.37)
(64.61,49.47)
(64.62,49.57)
(64.64,49.67)
(64.65,49.77)
(64.66,49.87)
(64.67,49.97)
(64.69,50.07)
(64.70,50.16)
(64.71,50.26)
(64.72,50.36)
(64.74,50.46)
(64.75,50.56)
(64.76,50.66)
(64.77,50.76)
(64.78,50.86)
(64.79,50.96)
(64.81,51.06)
(64.82,51.16)
(64.83,51.26)
(64.84,51.36)
(64.85,51.46)
(64.86,51.56)
(64.87,51.65)
(64.88,51.75)
(64.89,51.85)
(64.90,51.95)
(64.91,52.05)
(64.91,52.15)
(64.92,52.25)
(64.93,52.35)
(64.94,52.45)
(64.95,52.55)
(64.96,52.65)
(64.97,52.75)
(64.97,52.85)
(64.98,52.95)
(64.99,53.05)
(65.00,53.15)
(65.00,53.25)
(65.01,53.35)
(65.02,53.45)
(65.02,53.55)
(65.03,53.65)
(65.04,53.75)
(65.04,53.85)
(65.05,53.95)
(65.05,54.05)
(65.06,54.15)
(65.06,54.25)
(65.07,54.35)
(65.07,54.45)
(65.08,54.55)
(65.08,54.65)
(65.09,54.75)
(65.09,54.85)
(65.10,54.95)
(65.10,55.05)
(65.11,55.15)
(65.11,55.25)
(65.11,55.35)
(65.12,55.45)
(65.12,55.55)
(65.12,55.65)
(65.12,55.75)
(65.13,55.85)
(65.13,55.95)
(65.13,56.05)
(65.13,56.15)
(65.14,56.25)
(65.14,56.35)
(65.14,56.45)
(65.14,56.55)
(65.14,56.65)
(65.14,56.75)
(65.14,56.85)
(65.14,56.95)
(65.15,57.05)
(65.15,57.15)
(65.15,57.25)
(65.15,57.35)
(65.15,57.45)
(65.15,57.55)
(65.14,57.65)
(65.14,57.75)
(65.14,57.85)
(65.14,57.95)
(65.14,58.05)
(65.14,58.15)
(65.14,58.25)
(65.14,58.35)
(65.13,58.45)
(65.13,58.55)
(65.13,58.65)
(65.13,58.75)
(65.12,58.85)
(65.12,58.95)
(65.12,59.05)
(65.12,59.15)
(65.11,59.25)
(65.11,59.35)
(65.11,59.45)
(65.10,59.55)
(65.10,59.65)
(65.09,59.75)
(65.09,59.84)
(65.08,59.94)
(65.08,60.04)
(65.07,60.14)
(65.07,60.24)
(65.06,60.34)
(65.06,60.44)
(65.05,60.54)
(65.05,60.64)
(65.04,60.74)
(65.04,60.84)
(65.03,60.94)
(65.02,61.04)
(65.02,61.14)
(65.01,61.24)
(65.00,61.34)
(65.00,61.44)
(64.99,61.54)
(64.98,61.64)
(64.97,61.74)
(64.97,61.84)
(64.96,61.94)
(64.95,62.04)
(64.94,62.14)
(64.93,62.24)
(64.92,62.34)
(64.91,62.44)
(64.91,62.54)
(64.90,62.64)
(64.89,62.74)
(64.88,62.84)
(64.87,62.94)
(64.86,63.04)
(64.85,63.14)
(64.84,63.24)
(64.83,63.33)
(64.82,63.43)
(64.81,63.53)
(64.79,63.63)
(64.78,63.73)
(64.77,63.83)
penup
(64.76,63.93)
(64.75,64.03)
(64.74,64.13)
(64.72,64.23)
(64.71,64.33)
(64.70,64.43)
(64.69,64.53)
(64.67,64.63)
(64.66,64.72)
(64.65,64.82)
(64.64,64.92)
(64.62,65.02)
(64.61,65.12)
(64.60,65.22)
(64.58,65.32)
(64.57,65.42)
(64.55,65.52)
(64.54,65.62)
(64.52,65.72)
(64.51,65.81)
(64.49,65.91)
(64.48,66.01)
(64.46,66.11)
(64.45,66.21)
(64.43,66.31)
(64.42,66.41)
(64.40,66.51)
(64.38,66.60)
(64.37,66.70)
(64.35,66.80)
(64.34,66.90)
(64.32,67.00)
(64.30,67.10)
(64.28,67.20)
(64.27,67.29)
(64.25,67.39)
(64.23,67.49)
(64.21,67.59)
(64.20,67.69)
(64.18,67.79)
(64.16,67.88)
(64.14,67.98)
(64.12,68.08)
(64.10,68.18)
(64.08,68.28)
(64.06,68.38)
(64.04,68.47)
(64.03,68.57)
(64.01,68.67)
(63.99,68.77)
(63.97,68.87)
(63.95,68.96)
(63.92,69.06)
(63.90,69.16)
(63.88,69.26)
(63.86,69.35)
(63.84,69.45)
(63.82,69.55)
(63.80,69.65)
(63.78,69.75)
(63.75,69.84)
(63.73,69.94)
(63.71,70.04)
(63.69,70.14)
(63.67,70.23)
(63.64,70.33)
(63.62,70.43)
(63.60,70.53)
(63.57,70.62)
(63.55,70.72)
(63.53,70.82)
(63.50,70.91)
(63.48,71.01)
(63.46,71.11)
(63.43,71.21)
(63.41,71.30)
(63.38,71.40)
(63.36,71.50)
(63.33,71.59)
(63.31,71.69)
(63.28,71.79)
(63.26,71.88)
(63.23,71.98)
(63.21,72.08)
(63.18,72.17)
(63.15,72.27)
(63.13,72.37)
(63.10,72.46)
(63.08,72.56)
(63.05,72.66)
(63.02,72.75)
(62.99,72.85)
(62.97,72.94)
(62.94,73.04)
(62.91,73.14)
(62.88,73.23)
(62.86,73.33)
(62.83,73.42)
(62.80,73.52)
(62.77,73.62)
(62.74,73.71)
(62.71,73.81)
(62.69,73.90)
(62.66,74.00)
(62.63,74.10)
(62.60,74.19)
(62.57,74.29)
(62.54,74.38)
(62.51,74.48)
(62.48,74.57)
(62.45,74.67)
(62.42,74.76)
(62.39,74.86)
(62.36,74.95)
(62.33,75.05)
(62.29,75.14)
(62.26,75.24)
(62.23,75.33)
(62.20,75.43)
(62.17,75.52)
(62.14,75.62)
(62.11,75.71)
(62.07,75.81)
(62.04,75.90)
(62.01,76.00)
(61.98,76.09)
(61.94,76.19)
(61.91,76.28)
(61.88,76.37)
(61.84,76.47)
(61.81,76.56)
(61.78,76.66)
(61.74,76.75)
(61.71,76.85)
(61.67,76.94)
(61.64,77.03)
(61.60,77.13)
(61.57,77.22)
(61.53,77.31)
(61.50,77.41)
(61.46,77.50)
(61.43,77.60)
(61.39,77.69)
(61.36,77.78)
(61.32,77.88)
(61.29,77.97)
(61.25,78.06)
(61.21,78.16)
(61.18,78.25)
(61.14,78.34)
(61.10,78.43)
(61.07,78.53)
(61.03,78.62)
(60.99,78.71)
(60.95,78.81)
(60.92,78.90)
(60.88,78.99)
(60.84,79.08)
(60.80,79.18)
(60.77,79.27)
(60.73,79.36)
(60.69,79.45)
(60.65,79.54)
pendown
(60.61,79.64)
(60.57,79.73)
(60.53,79.82)
(60.49,79.91)
(60.45,80.00)
(60.41,80.10)
(60.37,80.19)
(60.33,80.28)
(60.29,80.37)
(60.25,80.46)
(60.21,80.55)
(60.17,80.65)
(60.13,80.74)
(60.09,80.83)
(60.05,80.92)
(60.01,81.01)
(59.97,81.10)
(59.92,81.19)
(59.88,81.28)
(59.84,81.37)
(59.80,81.46)
(59.76,81.56)
(59.71,81.65)
(59.67,81.74)
(59.63,81.83)
(59.59,81.92)
(59.54,82.01)
(59.50,82.10)
(59.46,82.19)
(59.41,82.28)
(59.37,82.37)
(59.33,82.46)
(59.28,82.55)
(59.24,82.64)
(59.19,82.73)
(59.15,82.82)
(59.10,82.91)
(59.06,83.00)
(59.01,83.08)
(58.97,83.17)
(58.92,83.26)
(58.88,83.35)
(58.83,83.44)
(58.79,83.53)
(58.74,83.62)
(58.70,83.71)
(58.65,83.80)
(58.60,83.88)
(58.56,83.97)
(58.51,84.06)
(58.46,84.15)
(58.42,84.24)
(58.37,84.33)
(58.32,84.41)
(58.27,84.50)
(58.23,84.59)
(58.18,84.68)
(58.13,84.77)
(58.08,84.85)
(58.03,84.94)
(57.99,85.03)
(57.94,85.12)
(57.89,85.20)
(57.84,85.29)
(57.79,85.38)
(57.74,85.47)
(57.69,85.55)
(57.64,85.64)
(57.59,85.73)
(57.54,85.81)
(57.49,85.90)
(57.44,85.99)
(57.39,86.07)
(57.34,86.16)
(57.29,86.25)
(57.24,86.33)
(57.19,86.42)
(57.14,86.50)
(57.09,86.59)
(57.04,86.68)
(56.99,86.76)
(56.94,86.85)
(56.88,86.93)
(56.83,87.02)
(56.78,87.10)
(56.73,87.19)
(56.68,87.28)
(56.62,87.36)
(56.57,87.45)
(56.52,87.53)
(56.47,87.62)
(56.41,87.70)
(56.36,87.79)
(56.31,87.87)
(56.25,87.95)
(56.20,88.04)
(56.15,88.12)
(56.09,88.21)
(56.04,88.29)
(55.98,88.38)
(55.93,88.46)
(55.88,88.54)
(55.82,88.63)
(55.77,88.71)
(55.71,88.79)
(55.66,88.88)
(55.60,88.96)
(55.55,89.04)
(55.49,89.13)
(55.43,89.21)
(55.38,89.29)
(55.32,89.38)
(55.27,89.46)
(55.21,89.54)
(55.15,89.62)
(55.10,89.71)
(55.04,89.79)
(54.98,89.87)
(54.93,89.95)
(54.87,90.04)
(54.81,90.12)
(54.76,90.20)
(54.70,90.28)
(54.64,90.36)
(54.58,90.45)
(54.52,90.53)
(54.47,90.61)
(54.41,90.69)
(54.35,90.77)
(54.29,90.85)
(54.23,90.93)
(54.17,91.01)
(54.11,91.09)
(54.06,91.18)
(54.00,91.26)
(53.94,91.34)
(53.88,91.42)
(53.82,91.50)
(53.76,91.58)
(53.70,91.66)
(53.64,91.74)
(53.58,91.82)
(53.52,91.90)
(53.46,91.98)
(53.40,92.06)
(53.34,92.14)
(53.28,92.21)
(53.21,92.29)
(53.15,92.37)
(53.09,92.45)
(53.03,92.53)
(52.97,92.61)
(52.91,92.69)
(52.85,92.77)
(52.78,92.85)
(52.72,92.92)
(52.66,93.00)
(52.60,93.08)
(52.53,93.16)
(52.47,93.24)
(52.41,93.31)
(52.35,93.39)
(52.28,93.47)
(52.22,93.55)
(52.16,93.62)
(52.09,93.70)
(52.03,93.78)
(51.97,93.86)
(51.90,93.93)
(51.84,94.01)
(51.77,94.09)
(51.71,94.16)
(51.64,94.24)
(51.58,94.32)
(51.52,94.39)
(51.45,94.47)
(51.39,94.54)
(51.32,94.62)
(51.26,94.70)
(51.19,94.77)
(51.12,94.85)
(51.06,94.92)
(50.99,95.00)
(50.93,95.07)
(50.86,95.15)
(50.80,95.22)
(50.73,95.30)
(50.66,95.37)
(50.60,95.45)
(50.53,95.52)
(50.46,95.60)
(50.40,95.67)
(50.33,95.75)
(50.26,95.82)
(50.19,95.89)
(50.13,95.97)
(50.06,96.04)
(49.99,96.11)
(49.92,96.19)
(49.86,96.26)
(49.79,96.34)
(49.72,96.41)
(49.65,96.48)
(49.59,96.56)
(49.52,96.63)
(49.45,96.70)
(49.38,96.78)
(49.32,96.85)
(49.25,96.93)
(49.18,97.00)
(49.11,97.07)
(49.05,97.15)
(48.98,97.22)
(48.91,97.29)
(48.84,97.37)
(48.78,97.44)
(48.71,97.52)
(48.64,97.59)
(48.57,97.66)
(48.51,97.74)
(48.44,97.81)
(48.37,97.88)
(48.30,97.96)
(48.23,98.03)
(48.17,98.11)
(48.10,98.18)
(48.03,98.25)
(47.96,98.33)
(47.90,98.40)
(47.83,98.47)
(47.76,98.55)
(47.69,98.62)
(47.63,98.70)
(47.56,98.77)
(47.49,98.84)
(47.43,98.92)
(47.36,98.99)
(47.29,99.07)
(47.23,99.14)
(47.16,99.22)
(47.10,99.29)
(47.03,99.37)
(46.96,99.44)
(46.90,99.52)
(46.83,99.59)
(46.77,99.67)
(46.70,99.75)
(46.64,99.82)
(46.57,99.90)
(46.51,99.97)
(46.44,100.05)
(46.38,100.13)
(46.31,100.20)
(46.25,100.28)
(46.18,100.35)
(46.12,100.43)
(46.05,100.51)
(45.99,100.59)
(45.93,100.66)
(45.86,100.74)
(45.80,100.82)
(45.74,100.89)
(45.67,100.97)
(45.61,101.05)
(45.55,101.13)
(45.48,101.20)
(45.42,101.28)
(45.36,101.36)
(45.30,101.44)
(45.24,101.52)
(45.17,101.60)
(45.11,101.67)
(45.05,101.75)
(44.99,101.83)
(44.93,101.91)
(44.86,101.99)
(44.80,102.07)
(44.74,102.15)
(44.68,102.23)
(44.62,102.31)
(44.56,102.39)
(44.50,102.46)
(44.44,102.54)
(44.38,102.62)
(44.32,102.70)
(44.26,102.78)
(44.20,102.86)
(44.14,102.94)
(44.08,103.02)
(44.02,103.11)
(43.96,103.19)
(43.90,103.27)
(43.84,103.35)
(43.78,103.43)
(43.72,103.51)
(43.67,103.59)
(43.61,103.67)
(43.55,103.75)
(43.49,103.83)
(43.43,103.91)
(43.37,104.00)
(43.32,104.08)
(43.26,104.16)
(43.20,104.24)
(43.14,104.32)
(43.09,104.41)
(43.03,104.49)
(42.97,104.57)
(42.92,104.65)
(42.86,104.73)
(42.80,104.82)
(42.75,104.90)
(42.69,104.98)
(42.63,105.06)
(42.58,105.15)
(42.52,105.23)
(42.47,105.31)
(42.41,105.40)
(42.36,105.48)
(42.30,105.56)
(42.25,105.65)
(42.19,105.73)
(42.14,105.81)
(42.08,105.90)
(42.03,105.98)
(41.97,106.07)
(41.92,106.15)
(41.86,106.23)
(41.81,106.32)
(41.76,106.40)
(41.70,106.49)
(41.65,106.57)
(41.60,106.66)
(41.54,106.74)
(41.49,106.83)
(41.44,106.91)
(41.38,107.00)
(41.33,107.08)
(41.28,107.17)
(41.23,107.25)
(41.18,107.34)
(41.12,107.42)
(41.07,107.51)
(41.02,107.59)
(40.97,107.68)
(40.92,107.76)
(40.87,107.85)
(40.81,107.94)
(40.76,108.02)
(40.71,108.11)
(40.66,108.20)
(40.61,108.28)
(40.56,108.37)
(40.51,108.45)
(40.46,108.54)
(40.41,108.63)
(40.36,108.71)
(40.31,108.80)
(40.26,108.89)
(40.21,108.98)
(40.16,109.06)
(40.12,109.15)
(40.07,109.24)
(40.02,109.32)
(39.97,109.41)
(39.92,109.50)
(39.87,109.59)
(39.83,109.67)
(39.78,109.76)
(39.73,109.85)
(39.68,109.94)
(39.63,110.03)
(39.59,110.11)
(39.54,110.20)
(39.49,110.29)
(39.45,110.38)
(39.40,110.47)
(39.35,110.56)
(39.31,110.65)
(39.26,110.73)
(39.22,110.82)
(39.17,110.91)
(39.12,111.00)
(39.08,111.09)
(39.03,111.18)
(38.99,111.27)
(38.94,111.36)
(38.90,111.45)
(38.85,111.54)
(38.81,111.63)
(38.76,111.71)
(38.72,111.80)
(38.68,111.89)
(38.63,111.98)
(38.59,112.07)
(38.54,112.16)
(38.50,112.25)
(38.46,112.34)
(38.41,112.43)
(38.37,112.52)
(38.33,112.61)
(38.28,112.71)
(38.24,112.80)
(38.20,112.89)
(38.16,112.98)
(38.12,113.07)
(38.07,113.16)
(38.03,113.25)
(37.99,113.34)
(37.95,113.43)
(37.91,113.52)
(37.87,113.61)
(37.83,113.70)
(37.78,113.80)
(37.74,113.89)
(37.70,113.98)
(37.66,114.07)
(37.62,114.16)
(37.58,114.25)
(37.54,114.34)
(37.50,114.44)
(37.46,114.53)
(37.42,114.62)
(37.38,114.71)
(37.35,114.80)
(37.31,114.90)
(37.27,114.99)
(37.23,115.08)
(37.19,115.17)
(37.15,115.27)
(37.11,115.36)
(37.08,115.45)
(37.04,115.54)
(37.00,115.64)
(36.96,115.73)
(36.93,115.82)
(36.89,115.91)
(36.85,116.01)
(36.82,116.10)
(36.78,116.19)
(36.74,116.29)
(36.71,116.38)
(36.67,116.47)
(36.63,116.57)
(36.60,116.66)
(36.56,116.75)
(36.53,116.85)
(36.49,116.94)
(36.46,117.03)
(36.42,117.13)
(36.39,117.22)
(36.35,117.31)
(36.32,117.41)
(36.28,117.50)
(36.25,117.60)
(36.21,117.69)
(36.18,117.78)
(36.15,117.88)
(36.11,117.97)
(36.08,118.07)
(36.05,118.16)
(36.01,118.26)
(35.98,118.35)
(35.95,118.44)
(35.92,118.54)
(35.88,118.63)
(35.85,118.73)
(35.82,118.82)
(35.79,118.92)
(35.76,119.01)
(35.72,119.11)
(35.69,119.20)
(35.66,119.30)
(35.63,119.39)
(35.60,119.49)
(35.57,119.58)
(35.54,119.68)
(35.51,119.77)
(35.48,119.87)
(35.45,119.96)
(35.42,120.06)
(35.39,120.16)
(35.36,120.25)
(35.33,120.35)
(35.30,120.44)
(35.27,120.54)
(35.24,120.63)
(35.21,120.73)
(35.18,120.82)
(35.16,120.92)
(35.13,121.02)
(35.10,121.11)
(35.07,121.21)
(35.04,121.30)
(35.02,121.40)
(34.99,121.50)
(34.96,121.59)
(34.93,121.69)
(34.91,121.79)
(34.88,121.88)
(34.85,121.98)
(34.83,122.08)
(34.80,122.17)
(34.78,122.27)
(34.75,122.36)
(34.72,122.46)
(34.70,122.56)
(34.67,122.65)
(34.65,122.75)
(34.62,122.85)
(34.60,122.95)
(34.57,123.04)
(34.55,123.14)
(34.52,123.24)
(34.50,123.33)
(34.48,123.43)
(34.45,123.53)
(34.43,123.62)
(34.41,123.72)
(34.38,123.82)
(34.36,123.92)
(34.34,124.01)
(34.31,124.11)
(34.29,124.21)
(34.27,124.31)
(34.25,124.40)
(34.22,124.50)
(34.20,124.60)
(34.18,124.70)
(34.16,124.79)
(34.14,124.89)
(34.12,124.99)
penup
(34.09,125.09)
(34.07,125.18)
(34.05,125.28)
(34.03,125.38)
(34.01,125.48)
(33.99,125.58)
(33.97,125.67)
(33.95,125.77)
(33.93,125.87)
(33.91,125.97)
(33.89,126.07)
(33.87,126.16)
(33.85,126.26)
(33.83,126.36)
(33.82,126.46)
(33.80,126.56)
(33.78,126.66)
(33.76,126.75)
(33.74,126.85)
(33.72,126.95)
(33.71,127.05)
(33.69,127.15)
(33.67,127.25)
(33.66,127.34)
(33.64,127.44)
(33.62,127.54)
(33.60,127.64)
(33.59,127.74)
(33.57,127.84)
(33.56,127.94)
(33.54,128.03)
(33.52,128.13)
(33.51,128.23)
(33.49,128.33)
(33.48,128.43)
(33.46,128.53)
(33.45,128.63)
(33.43,128.73)
(33.42,128.83)
(33.40,128.92)
(33.39,129.02)
(33.38,129.12)
(33.36,129.22)
(33.35,129.32)
(33.33,129.42)
(33.32,129.52)
(33.31,129.62)
(33.29,129.72)
(33.28,129.82)
(33.27,129.92)
(33.26,130.01)
(33.24,130.11)
(33.23,130.21)
(33.22,130.31)
(33.21,130.41)
(33.20,130.51)
(33.18,130.61)
(33.17,130.71)
(33.16,130.81)
(33.15,130.91)
(33.14,131.01)
(33.13,131.11)
(33.12,131.21)
(33.11,131.31)
(33.10,131.41)
(33.09,131.50)
(33.08,131.60)
(33.07,131.70)
(33.06,131.80)
(33.05,131.90)
(33.04,132.00)
(33.03,132.10)
(33.02,132.20)
(33.02,132.30)
(33.01,132.40)
(33.00,132.50)
(32.99,132.60)
(32.98,132.70)
(32.98,132.80)
(32.97,132.90)
(32.96,133.00)
(32.95,133.10)
(32.95,133.20)
(32.94,133.30)
(32.93,133.40)
(32.93,133.50)
(32.92,133.60)
(32.91,133.70)
(32.91,133.80)
(32.90,133.90)
(32.90,134.00)
(32.89,134.10)
(32.89,134.20)
(32.88,134.30)
(32.88,134.40)
(32.87,134.50)
(32.87,134.60)
(32.86,134.70)
(32.86,134.80)
(32.85,134.90)
(32.85,135.00)
(32.85,135.10)
(32.84,135.20)
(32.84,135.30)
(32.84,135.40)
(32.83,135.50)
(32.83,135.60)
(32.83,135.70)
(32.83,135.80)
(32.82,135.90)
(32.82,136.00)
(32.82,136.10)
(32.82,136.20)
(32.82,136.30)
(32.82,136.40)
(32.81,136.50)
(32.81,136.60)
(32.81,136.70)
(32.81,136.80)
(32.81,136.90)
(32.81,137.00)
(32.81,137.10)
(32.81,137.20)
(32.81,137.30)
(32.81,137.40)
(32.81,137.50)
(32.81,137.60)
(32.81,137.70)
(32.81,137.80)
(32.82,137.90)
(32.82,138.00)
(32.82,138.10)
(32.82,138.20)
(32.82,138.30)
(32.82,138.40)
(32.83,138.50)
(32.83,138.60)
(32.83,138.70)
(32.83,138.80)
(32.84,138.90)
(32.84,139.00)
(32.84,139.10)
(32.85,139.20)
(32.85,139.30)
(32.85,139.40)
(32.86,139.50)
(32.86,139.59)
(32.87,139.69)
(32.87,139.79)
(32.88,139.89)
(32.88,139.99)
(32.89,140.09)
(32.89,140.19)
(32.90,140.29)
(32.90,140.39)
(32.91,140.49)
(32.91,140.59)
(32.92,140.69)
(32.93,140.79)
(32.93,140.89)
(32.94,140.99)
(32.95,141.09)
(32.95,141.19)
(32.96,141.29)
(32.97,141.39)
(32.98,141.49)
(32.98,141.59)
(32.99,141.69)
(33.00,141.79)
(33.01,141.89)
(33.02,141.99)
(33.02,142.09)
(33.03,142.19)
(33.04,142.29)
(33.05,142.39)
(33.06,142.49)
(33.07,142.59)
(33.08,142.69)
(33.09,142.79)
(33.10,142.89)
(33.11,142.99)
(33.12,143.09)
(33.13,143.18)
(33.14,143.28)
(33.15,143.38)
(33.16,143.48)
(33.17,143.58)
(33.18,143.68)
(33.20,143.78)
(33.21,143.88)
(33.22,143.98)
(33.23,144.08)
(33.24,144.18)
(33.26,144.28)
(33.27,144.38)
(33.28,144.48)
(33.29,144.57)
(33.31,144.67)
(33.32,144.77)
(33.33,144.87)
(33.35,144.97)
(33.36,145.07)
(33.38,145.17)
(33.39,145.27)
(33.40,145.37)
(33.42,145.47)
(33.43,145.57)
(33.45,145.66)
(33.46,145.76)
(33.48,145.86)
(33.49,145.96)
(33.51,146.06)
(33.52,146.16)
(33.54,146.26)
(33.56,146.36)
(33.57,146.45)
(33.59,146.55)
(33.60,146.65)
(33.62,146.75)
(33.64,146.85)
(33.66,146.95)
(33.67,147.05)
(33.69,147.14)
(33.71,147.24)
(33.72,147.34)
(33.74,147.44)
(33.76,147.54)
(33.78,147.64)
(33.80,147.73)
(33.82,147.83)
(33.83,147.93)
(33.85,148.03)
(33.87,148.13)
(33.89,148.23)
(33.91,148.32)
(33.93,148.42)
(33.95,148.52)
(33.97,148.62)
(33.99,148.72)
(34.01,148.81)
(34.03,148.91)
(34.05,149.01)
(34.07,149.11)
(34.09,149.20)
(34.12,149.30)
(34.14,149.40)
(34.16,149.50)
(34.18,149.60)
(34.20,149.69)
(34.22,149.79)
(34.25,149.89)
(34.27,149.99)
(34.29,150.08)
(34.31,150.18)
(34.34,150.28)
(34.36,150.38)
(34.38,150.47)
(34.41,150.57)
(34.43,150.67)
(34.45,150.76)
(34.48,150.86)
(34.50,150.96)
(34.52,151.06)
(34.55,151.15)
(34.57,151.25)
(34.60,151.35)
(34.62,151.44)
(34.65,151.54)
(34.67,151.64)
(34.70,151.73)
(34.72,151.83)
(34.75,151.93)
(34.78,152.02)
(34.80,152.12)
(34.83,152.22)
(34.85,152.31)
(34.88,152.41)
(34.91,152.51)
(34.93,152.60)
(34.96,152.70)
(34.99,152.79)
(35.02,152.89)
(35.04,152.99)
(35.07,153.08)
(35.10,153.18)
(35.13,153.27)
(35.16,153.37)
(35.18,153.47)
(35.21,153.56)
(35.24,153.66)
(35.27,153.75)
(35.30,153.85)
(35.33,153.95)
(35.36,154.04)
(35.39,154.14)
(35.42,154.23)
(35.45,154.33)
(35.48,154.42)
(35.51,154.52)
(35.54,154.61)
(35.57,154.71)
(35.60,154.80)
(35.63,154.90)
(35.66,154.99)
(35.69,155.09)
(35.72,155.18)
(35.76,155.28)
(35.79,155.37)
(35.82,155.47)
(35.85,155.56)
(35.88,155.66)
(35.92,155.75)
(35.95,155.85)
(35.98,155.94)
(36.01,156.04)
(36.05,156.13)
(36.08,156.22)
(36.11,156.32)
(36.15,156.41)
(36.18,156.51)
(36.21,156.60)
(36.25,156.70)
(36.28,156.79)
(36.32,156.88)
(36.35,156.98)
(36.39,157.07)
(36.42,157.16)
(36.46,157.26)
(36.49,157.35)
(36.53,157.45)
(36.56,157.54)
(36.60,157.63)
(36.63,157.73)
(36.67,157.82)
(36.71,157.91)
(36.74,158.01)
(36.78,158.10)
(36.82,158.19)
(36.85,158.28)
(36.89,158.38)
(36.93,158.47)
(36.96,158.56)
(37.00,158.66)
(37.04,158.75)
(37.08,158.84)
(37.11,158.93)
(37.15,159.03)
(37.19,159.12)
(37.23,159.21)
(37.27,159.30)
(37.31,159.39)
(37.35,159.49)
(37.38,159.58)
(37.42,159.67)
(37.46,159.76)
(37.50,159.85)
(37.54,159.95)
(37.58,160.04)
(37.62,160.13)
(37.66,160.22)
(37.70,160.31)
(37.74,160.40)
(37.78,160.50)
(37.83,160.59)
(37.87,160.68)
(37.91,160.77)
(37.95,160.86)
(37.99,160.95)
(38.03,161.04)
(38.07,161.13)
(38.12,161.22)
(38.16,161.31)
(38.20,161.41)
(38.24,161.50)
(38.28,161.59)
(38.33,161.68)
(38.37,161.77)
(38.41,161.86)
(38.46,161.95)
(38.50,162.04)
(38.54,162.13)
(38.59,162.22)
(38.63,162.31)
(38.68,162.40)
(38.72,162.49)
(38.76,162.58)
(38.81,162.67)
(38.85,162.76)
(38.90,162.85)
(38.94,162.93)
(38.99,163.02)
(39.03,163.11)
(39.08,163.20)
(39.12,163.29)
(39.17,163.38)
(39.22,163.47)
(39.26,163.56)
(39.31,163.65)
(39.35,163.73)
(39.40,163.82)
(39.45,163.91)
(39.49,164.00)
(39.54,164.09)
(39.59,164.18)
(39.63,164.26)
(39.68,164.35)
(39.73,164.44)
(39.78,164.53)
(39.83,164.62)
(39.87,164.70)
(39.92,164.79)
(39.97,164.88)
(40.02,164.97)
(40.07,165.05)
(40.12,165.14)
(40.16,165.23)
(40.21,165.32)
(40.26,165.40)
(40.31,165.49)
(40.36,165.58)
(40.41,165.66)
(40.46,165.75)
(40.51,165.84)
(40.56,165.92)
(40.61,166.01)
(40.66,166.10)
(40.71,166.18)
(40.76,166.27)
(40.81,166.35)
(40.87,166.44)
(40.92,166.53)
(40.97,166.61)
(41.02,166.70)
(41.07,166.78)
(41.12,166.87)
(41.18,166.95)
(41.23,167.04)
(41.28,167.13)
(41.33,167.21)
(41.38,167.30)
(41.44,167.38)
(41.49,167.47)
(41.54,167.55)
(41.60,167.63)
(41.65,167.72)
(41.70,167.80)
(41.76,167.89)
(41.81,167.97)
(41.86,168.06)
(41.92,168.14)
(41.97,168.23)
(42.03,168.31)
(42.08,168.39)
(42.14,168.48)
(42.19,168.56)
(42.25,168.64)
(42.30,168.73)
(42.36,168.81)
(42.41,168.89)
(42.47,168.98)
(42.52,169.06)
pendown
(42.58,169.14)
(42.63,169.23)
(42.69,169.31)
(42.75,169.39)
(42.80,169.47)
(42.86,169.56)
(42.92,169.64)
(42.97,169.72)
(43.03,169.80)
(43.09,169.89)
(43.14,169.97)
(43.20,170.05)
(43.26,170.13)
(43.32,170.21)
(43.37,170.30)
(43.43,170.38)
(43.49,170.46)
(43.55,170.54)
(43.61,170.62)
(43.67,170.70)
(43.72,170.78)
(43.78,170.86)
(43.84,170.94)
(43.90,171.03)
(43.96,171.11)
(44.02,171.19)
(44.08,171.27)
(44.14,171.35)
(44.20,171.43)
(44.26,171.51)
(44.32,171.59)
(44.38,171.67)
(44.44,171.75)
(44.50,171.83)
(44.56,171.91)
(44.62,171.99)
(44.68,172.06)
(44.74,172.14)
(44.80,172.22)
(44.86,172.30)
(44.93,172.38)
(44.99,172.46)
(45.05,172.54)
(45.11,172.62)
(45.17,172.70)
(45.24,172.77)
(45.30,172.85)
(45.36,172.93)
(45.42,173.01)
(45.48,173.09)
(45.55,173.16)
(45.61,173.24)
(45.67,173.32)
(45.74,173.40)
(45.80,173.47)
(45.86,173.55)
(45.93,173.63)
(45.99,173.71)
(46.05,173.78)
(46.12,173.86)
(46.18,173.94)
(46.25,174.01)
(46.31,174.09)
(46.38,174.17)
(46.44,174.24)
(46.51,174.32)
(46.57,174.39)
(46.64,174.47)
(46.70,174.55)
(46.77,174.62)
(46.83,174.70)
(46.90,174.77)
(46.96,174.85)
(47.03,174.92)
(47.10,175.00)
(47.16,175.07)
(47.23,175.15)
(47.29,175.22)
(47.36,175.30)
(47.43,175.37)
(47.49,175.45)
(47.56,175.52)
(47.63,175.60)
(47.69,175.67)
(47.76,175.74)
(47.83,175.82)
(47.90,175.89)
(47.96,175.96)
(48.03,176.04)
(48.10,176.11)
(48.17,176.18)
(48.24,176.26)
(48.31,176.33)
(48.37,176.40)
(48.44,176.48)
(48.51,176.55)
(48.58,176.62)
(48.65,176.69)
(48.72,176.77)
(48.79,176.84)
(48.86,176.91)
(48.93,176.98)
(49.00,177.05)
(49.07,177.13)
(49.14,177.20)
(49.21,177.27)
(49.28,177.34)
(49.35,177.41)
(49.42,177.48)
(49.49,177.55)
(49.56,177.62)
(49.63,177.70)
(49.70,177.77)
(49.77,177.84)
(49.84,177.91)
(49.91,177.98)
(49.98,178.05)
(50.05,178.12)
(50.13,178.19)
(50.20,178.26)
(50.27,178.33)
(50.34,178.40)
(50.41,178.46)
(50.49,178.53)
(50.56,178.60)
(50.63,178.67)
(50.70,178.74)
(50.78,178.81)
(50.85,178.88)
(50.92,178.95)
(50.99,179.02)
(51.07,179.08)
(51.14,179.15)
(51.21,179.22)
(51.29,179.29)
(51.36,179.35)
(51.43,179.42)
(51.51,179.49)
(51.58,179.56)
(51.66,179.62)
(51.73,179.69)
(51.81,179.76)
(51.88,179.82)
(51.95,179.89)
(52.03,179.96)
(52.10,180.02)
(52.18,180.09)
(52.25,180.16)
(52.33,180.22)
(52.40,180.29)
(52.48,180.35)
(52.55,180.42)
(52.63,180.49)
(52.71,180.55)
(52.78,180.62)
(52.86,180.68)
(52.93,180.75)
(53.01,180.81)
(53.09,180.88)
(53.16,180.94)
(53.24,181.00)
(53.32,181.07)
(53.39,181.13)
(53.47,181.20)
(53.55,181.26)
(53.62,181.32)
(53.70,181.39)
(53.78,181.45)
(53.85,181.52)
(53.93,181.58)
(54.01,181.64)
(54.09,181.70)
(54.17,181.77)
(54.24,181.83)
(54.32,181.89)
(54.40,181.95)
(54.48,182.02)
(54.56,182.08)
(54.63,182.14)
(54.71,182.20)
(54.79,182.26)
(54.87,182.33)
(54.95,182.39)
(55.03,182.45)
(55.11,182.51)
(55.19,182.57)
(55.27,182.63)
(55.35,182.69)
(55.43,182.75)
(55.51,182.81)
(55.58,182.87)
(55.66,182.93)
(55.74,182.99)
(55.82,183.05)
(55.90,183.11)
(55.99,183.17)
(56.07,183.23)
(56.15,183.29)
(56.23,183.35)
(56.31,183.41)
(56.39,183.47)
(56.47,183.53)
(56.55,183.59)
(56.63,183.65)
(56.71,183.70)
(56.79,183.76)
(56.88,183.82)
(56.96,183.88)
(57.04,183.94)
(57.12,183.99)
(57.20,184.05)
(57.28,184.11)
(57.37,184.17)
(57.45,184.22)
(57.53,184.28)
(57.61,184.34)
(57.69,184.39)
(57.78,184.45)
(57.86,184.51)
(57.94,184.56)
(58.03,184.62)
(58.11,184.67)
(58.19,184.73)
(58.27,184.79)
(58.36,184.84)
(58.44,184.90)
(58.52,184.95)
(58.61,185.01)
(58.69,185.06)
(58.78,185.12)
(58.86,185.17)
(58.94,185.23)
(59.03,185.28)
(59.11,185.33)
(59.19,185.39)
(59.28,185.44)
(59.36,185.50)
(59.45,185.55)
(59.53,185.60)
(59.62,185.66)
(59.70,185.71)
(59.79,185.76)
(59.87,185.81)
(59.96,185.87)
(60.04,185.92)
(60.13,185.97)
(60.21,186.02)
(60.30,186.08)
(60.38,186.13)
(60.47,186.18)
(60.55,186.23)
(60.64,186.28)
(60.73,186.33)
(60.81,186.39)
(60.90,186.44)
(60.98,186.49)
(61.07,186.54)
(61.16,186.59)
(61.24,186.64)
(61.33,186.69)
(61.42,186.74)
(61.50,186.79)
(61.59,186.84)
(61.68,186.89)
(61.76,186.94)
(61.85,186.99)
(61.94,187.04)
(62.02,187.09)
(62.11,187.14)
(62.20,187.18)
(62.29,187.23)
(62.37,187.28)
(62.46,187.33)
(62.55,187.38)
(62.64,187.43)
(62.72,187.47)
(62.81,187.52)
(62.90,187.57)
(62.99,187.62)
(63.08,187.66)
(63.16,187.71)
(63.25,187.76)
(63.34,187.81)
(63.43,187.85)
(63.52,187.90)
(63.61,187.94)
(63.69,187.99)
(63.78,188.04)
(63.87,188.08)
(63.96,188.13)
(64.05,188.17)
(64.14,188.22)
(64.23,188.26)
(64.32,188.31)
(64.41,188.35)
(64.50,188.40)
(64.59,188.44)
(64.68,188.49)
(64.77,188.53)
(64.85,188.58)
(64.94,188.62)
(65.03,188.66)
(65.12,188.71)
(65.21,188.75)
(65.30,188.80)
(65.39,188.84)
(65.48,188.88)
(65.58,188.92)
(65.67,188.97)
(65.76,189.01)
(65.85,189.05)
(65.94,189.09)
(66.03,189.14)
(66.12,189.18)
(66.21,189.22)
(66.30,189.26)
(66.39,189.30)
(66.48,189.34)
(66.57,189.39)
(66.67,189.43)
(66.76,189.47)
(66.85,189.51)
(66.94,189.55)
(67.03,189.59)
(67.12,189.63)
(67.21,189.67)
(67.31,189.71)
(67.40,189.75)
(67.49,189.79)
(67.58,189.83)
(67.67,189.87)
(67.77,189.91)
(67.86,189.95)
(67.95,189.98)
(68.04,190.02)
(68.13,190.06)
(68.23,190.10)
(68.32,190.14)
(68.41,190.18)
(68.50,190.21)
(68.60,190.25)
(68.69,190.29)
(68.78,190.33)
(68.87,190.36)
(68.97,190.40)
(69.06,190.44)
(69.15,190.47)
(69.25,190.51)
(69.34,190.55)
(69.43,190.58)
(69.53,190.62)
(69.62,190.65)
(69.71,190.69)
(69.81,190.73)
(69.90,190.76)
(69.99,190.80)
(70.09,190.83)
(70.18,190.87)
(70.28,190.90)
(70.37,190.93)
(70.46,190.97)
(70.56,191.00)
(70.65,191.04)
(70.75,191.07)
penup
(70.84,191.10)
(70.93,191.14)
(71.03,191.17)
(71.12,191.20)
(71.22,191.24)
(71.31,191.27)
(71.41,191.30)
(71.50,191.34)
(71.59,191.37)
(71.69,191.40)
(71.78,191.43)
(71.88,191.46)
(71.97,191.50)
(72.07,191.53)
(72.16,191.56)
(72.26,191.59)
(72.35,191.62)
(72.45,191.65)
(72.54,191.68)
(72.64,191.71)
(72.73,191.74)
(72.83,191.77)
(72.92,191.80)
(73.02,191.83)
(73.12,191.86)
(73.21,191.89)
(73.31,191.92)
(73.40,191.95)
(73.50,191.98)
(73.59,192.01)
(73.69,192.04)
(73.79,192.07)
(73.88,192.10)
(73.98,192.12)
(74.07,192.15)
(74.17,192.18)
(74.27,192.21)
(74.36,192.24)
(74.46,192.26)
(74.55,192.29)
(74.65,192.32)
(74.75,192.34)
(74.84,192.37)
(74.94,192.40)
(75.04,192.42)
(75.13,192.45)
(75.23,192.48)
(75.33,192.50)
(75.42,192.53)
(75.52,192.55)
(75.62,192.58)
(75.71,192.60)
(75.81,192.63)
(75.91,192.65)
(76.00,192.68)
(76.10,192.70)
(76.20,192.73)
(76.29,192.75)
(76.39,192.78)
(76.49,192.80)
(76.59,192.82)
(76.68,192.85)
(76.78,192.87)
(76.88,192.89)
(76.97,192.92)
(77.07,192.94)
(77.17,192.96)
(77.27,192.98)
(77.36,193.01)
(77.46,193.03)
(77.56,193.05)
(77.66,193.07)
(77.75,193.09)
(77.85,193.12)
(77.95,193.14)
(78.05,193.16)
(78.14,193.18)
(78.24,193.20)
(78.34,193.22)
(78.44,193.24)
(78.54,193.26)
(78.63,193.28)
(78.73,193.30)
(78.83,193.32)
(78.93,193.34)
(79.03,193.36)
(79.12,193.38)
(79.22,193.40)
(79.32,193.42)
(79.42,193.44)
(79.52,193.45)
(79.62,193.47)
(79.71,193.49)
(79.81,193.51)
(79.91,193.53)
(80.01,193.54)
(80.11,193.56)
(80.21,193.58)
(80.30,193.60)
(80.40,193.61)
(80.50,193.63)
(80.60,193.65)
(80.70,193.66)
(80.80,193.68)
(80.90,193.70)
(81.00,193.71)
(81.09,193.73)
(81.19,193.74)
(81.29,193.76)
(81.39,193.77)
(81.49,193.79)
(81.59,193.80)
(81.69,193.82)
(81.79,193.83)
(81.88,193.85)
(81.98,193.86)
(82.08,193.88)
(82.18,193.89)
(82.28,193.90)
(82.38,193.92)
(82.48,193.93)
(82.58,193.94)
(82.68,193.96)
(82.78,193.97)
(82.88,193.98)
(82.97,194.00)
(83.07,194.01)
(83.17,194.02)
(83.27,194.03)
pendown
(83.37,194.04)
(83.47,194.06)
(83.57,194.07)
(83.67,194.08)
(83.77,194.09)
(83.87,194.10)
(83.97,194.11)
(84.07,194.12)
(84.17,194.13)
(84.27,194.14)
(84.37,194.15)
(84.47,194.16)
(84.56,194.17)
(84.66,194.18)
(84.76,194.19)
(84.86,194.20)
(84.96,194.21)
(85.06,194.22)
(85.16,194.23)
(85.26,194.24)
(85.36,194.24)
(85.46,194.25)
(85.56,194.26)
(85.66,194.27)
(85.76,194.28)
(85.86,194.28)
(85.96,194.29)
(86.06,194.30)
(86.16,194.31)
(86.26,194.31)
(86.36,194.32)
(86.46,194.33)
(86.56,194.33)
(86.66,194.34)
(86.76,194.34)
(86.86,194.35)
(86.96,194.35)
(87.06,194.36)
(87.16,194.37)
(87.26,194.37)
(87.36,194.38)
(87.46,194.38)
(87.56,194.38)
(87.66,194.39)
(87.76,194.39)
(87.86,194.40)
(87.96,194.40)
(88.06,194.40)
(88.16,194.41)
(88.26,194.41)
(88.36,194.41)
(88.46,194.42)
(88.56,194.42)
(88.66,194.42)
(88.76,194.43)
(88.86,194.43)
(88.96,194.43)
(89.06,194.43)
(89.16,194.43)
(89.26,194.44)
(89.36,194.44)
(89.46,194.44)
(89.56,194.44)
(89.66,194.44)
(89.76,194.44)
(89.86,194.44)
(89.96,194.44)
(90.06,194.44)
(90.16,194.44)
(90.26,194.44)
(90.36,194.44)
(90.46,194.44)
(90.56,194.44)
(90.66,194.44)
(90.76,194.44)
(90.86,194.44)
(90.96,194.44)
(91.06,194.43)
(91.16,194.43)
(91.26,194.43)
(91.36,194.43)
(91.46,194.43)
(91.56,194.42)
(91.66,194.42)
(91.76,194.42)
(91.86,194.41)
(91.96,194.41)
(92.06,194.41)
(92.16,194.40)
(92.26,194.40)
(92.36,194.40)
(92.46,194.39)
(92.56,194.39)
(92.66,194.38)
(92.76,194.38)
(92.86,194.38)
(92.96,194.37)
(93.05,194.37)
(93.15,194.36)
(93.25,194.35)
(93.35,194.35)
(93.45,194.34)
(93.55,194.34)
(93.65,194.33)
(93.75,194.33)
(93.85,194.32)
(93.95,194.31)
(94.05,194.31)
(94.15,194.30)
(94.25,194.29)
(94.35,194.28)
(94.45,194.28)
(94.55,194.27)
(94.65,194.26)
(94.75,194.25)
(94.85,194.24)
(94.95,194.24)
(95.05,194.23)
(95.15,194.22)
(95.25,194.21)
(95.35,194.20)
(95.45,194.19)
(95.55,194.18)
(95.65,194.17)
(95.75,194.16)
(95.85,194.15)
(95.95,194.14)
(96.05,194.13)
(96.15,194.12)
(96.24,194.11)
(96.34,194.10)
(96.44,194.09)
(96.54,194.08)
(96.64,194.07)
(96.74,194.06)
(96.84,194.04)
(96.94,194.03)
(97.04,194.02)
(97.14,194.01)
(97.24,194.00)
(97.34,193.98)
(97.44,193.97)
(97.54,193.96)
(97.63,193.94)
(97.73,193.93)
(97.83,193.92)
(97.93,193.90)
(98.03,193.89)
(98.13,193.88)
(98.23,193.86)
(98.33,193.85)
(98.43,193.83)
(98.53,193.82)
(98.62,193.80)
(98.72,193.79)
(98.82,193.77)
(98.92,193.76)
(99.02,193.74)
(99.12,193.73)
(99.22,193.71)
(99.32,193.70)
(99.41,193.68)
(99.51,193.66)
(99.61,193.65)
(99.71,193.63)
(99.81,193.61)
(99.91,193.60)
(100.01,193.58)
(100.10,193.56)
(100.20,193.54)
(100.30,193.53)
(100.40,193.51)
(100.50,193.49)
(100.60,193.47)
(100.70,193.45)
(100.79,193.44)
(100.89,193.42)
(100.99,193.40)
(101.09,193.38)
(101.19,193.36)
(101.28,193.34)
(101.38,193.32)
(101.48,193.30)
(101.58,193.28)
(101.68,193.26)
(101.77,193.24)
(101.87,193.22)
(101.97,193.20)
(102.07,193.18)
(102.17,193.16)
(102.26,193.14)
(102.36,193.12)
(102.46,193.09)
(102.56,193.07)
(102.65,193.05)
(102.75,193.03)
(102.85,193.01)
(102.95,192.98)
(103.04,192.96)
(103.14,192.94)
(103.24,192.92)
(103.34,192.89)
(103.43,192.87)
(103.53,192.85)
(103.63,192.82)
(103.72,192.80)
(103.82,192.78)
(103.92,192.75)
(104.02,192.73)
(104.11,192.70)
(104.21,192.68)
(104.31,192.65)
(104.40,192.63)
(104.50,192.60)
(104.60,192.58)
(104.69,192.55)
(104.79,192.53)
(104.89,192.50)
(104.98,192.48)
(105.08,192.45)
(105.18,192.42)
(105.27,192.40)
(105.37,192.37)
(105.47,192.34)
(105.56,192.32)
(105.66,192.29)
(105.75,192.26)
(105.85,192.24)
(105.95,192.21)
(106.04,192.18)
(106.14,192.15)
(106.24,192.12)
(106.33,192.10)
(106.43,192.07)
(106.52,192.04)
(106.62,192.01)
(106.71,191.98)
(106.81,191.95)
(106.91,191.92)
(107.00,191.89)
(107.10,191.86)
(107.19,191.83)
(107.29,191.80)
(107.38,191.77)
(107.48,191.74)
(107.57,191.71)
(107.67,191.68)
(107.76,191.65)
(107.86,191.62)
(107.95,191.59)
(108.05,191.56)
(108.14,191.53)
(108.24,191.50)
(108.33,191.46)
(108.43,191.43)
(108.52,191.40)
(108.62,191.37)
(108.71,191.34)
(108.81,191.30)
(108.90,191.27)
(109.00,191.24)
(109.09,191.20)
(109.18,191.17)
(109.28,191.14)
(109.37,191.10)
(109.47,191.07)
(109.56,191.04)
(109.66,191.00)
(109.75,190.97)
(109.84,190.93)
(109.94,190.90)
(110.03,190.87)
(110.12,190.83)
(110.22,190.80)
(110.31,190.76)
(110.41,190.73)
(110.50,190.69)
(110.59,190.65)
(110.69,190.62)
(110.78,190.58)
(110.87,190.55)
(110.97,190.51)
(111.06,190.47)
(111.15,190.44)
(111.24,190.40)
(111.34,190.36)
(111.43,190.33)
(111.52,190.29)
(111.62,190.25)
(111.71,190.21)
(111.80,190.18)
(111.89,190.14)
(111.99,190.10)
(112.08,190.06)
(112.17,190.02)
(112.26,189.98)
(112.36,189.95)
(112.45,189.91)
(112.54,189.87)
(112.63,189.83)
(112.72,189.79)
(112.82,189.75)
(112.91,189.71)
(113.00,189.67)
(113.09,189.63)
(113.18,189.59)
(113.27,189.55)
(113.36,189.51)
(113.46,189.47)
(113.55,189.43)
(113.64,189.39)
(113.73,189.34)
(113.82,189.30)
(113.91,189.26)
(114.00,189.22)
(114.09,189.18)
(114.18,189.14)
(114.28,189.09)
(114.37,189.05)
(114.46,189.01)
(114.55,188.97)
(114.64,188.92)
(114.73,188.88)
(114.82,188.84)
(114.91,188.80)
(115.00,188.75)
(115.09,188.71)
(115.18,188.66)
(115.27,188.62)
(115.36,188.58)
(115.45,188.53)
penup
(115.54,188.49)
(115.63,188.44)
(115.72,188.40)
(115.81,188.35)
(115.90,188.31)
(115.98,188.26)
(116.07,188.22)
(116.16,188.17)
(116.25,188.13)
(116.34,188.08)
(116.43,188.04)
(116.52,187.99)
(116.61,187.94)
(116.70,187.90)
(116.78,187.85)
(116.87,187.81)
(116.96,187.76)
(117.05,187.71)
(117.14,187.66)
(117.23,187.62)
(117.31,187.57)
(117.40,187.52)
(117.49,187.47)
(117.58,187.43)
(117.66,187.38)
(117.75,187.33)
(117.84,187.28)
(117.93,187.23)
(118.01,187.18)
(118.10,187.14)
(118.19,187.09)
(118.28,187.04)
(118.36,186.99)
(118.45,186.94)
(118.54,186.89)
(118.62,186.84)
(118.71,186.79)
(118.80,186.74)
(118.88,186.69)
(118.97,186.64)
(119.06,186.59)
(119.14,186.54)
(119.23,186.49)
(119.32,186.44)
(119.40,186.39)
(119.49,186.33)
(119.57,186.28)
(119.66,186.23)
(119.74,186.18)
(119.83,186.13)
(119.92,186.08)
(120.00,186.02)
(120.09,185.97)
(120.17,185.92)
(120.26,185.87)
(120.34,185.81)
(120.43,185.76)
(120.51,185.71)
(120.60,185.66)
(120.68,185.60)
(120.76,185.55)
(120.85,185.50)
(120.93,185.44)
(121.02,185.39)
(121.10,185.33)
(121.19,185.28)
(121.27,185.23)
(121.35,185.17)
(121.44,185.12)
(121.52,185.06)
(121.60,185.01)
(121.69,184.95)
(121.77,184.90)
(121.85,184.84)
(121.94,184.79)
(122.02,184.73)
(122.10,184.67)
(122.19,184.62)
(122.27,184.56)
(122.35,184.51)
(122.44,184.45)
(122.52,184.39)
(122.60,184.34)
(122.68,184.28)
(122.76,184.22)
(122.85,184.17)
(122.93,184.11)
(123.01,184.05)
(123.09,183.99)
(123.17,183.94)
(123.26,183.88)
(123.34,183.82)
(123.42,183.76)
(123.50,183.70)
(123.58,183.65)
(123.66,183.59)
(123.74,183.53)
(123.82,183.47)
(123.91,183.41)
(123.99,183.35)
(124.07,183.29)
(124.15,183.23)
(124.23,183.17)
(124.31,183.11)
(124.39,183.05)
(124.47,182.99)
(124.55,182.93)
(124.63,182.87)
(124.71,182.81)
(124.79,182.75)
(124.87,182.69)
(124.95,182.63)
(125.03,182.57)
(125.10,182.51)
(125.18,182.45)
(125.26,182.39)
(125.34,182.33)
(125.42,182.26)
(125.50,182.20)
(125.58,182.14)
(125.66,182.08)
(125.73,182.02)
(125.81,181.95)
(125.89,181.89)
pendown
(125.97,181.83)
(126.05,181.77)
(126.12,181.70)
(126.20,181.64)
(126.28,181.58)
(126.36,181.52)
(126.44,181.45)
(126.51,181.39)
(126.59,181.32)
(126.67,181.26)
(126.74,181.20)
(126.82,181.13)
(126.90,181.07)
(126.97,181.00)
(127.05,180.94)
(127.13,180.88)
(127.20,180.81)
(127.28,180.75)
(127.35,180.68)
(127.43,180.62)
(127.51,180.55)
(127.58,180.49)
(127.66,180.42)
(127.73,180.35)
(127.81,180.29)
(127.88,180.22)
(127.96,180.16)
(128.03,180.09)
(128.11,180.02)
(128.18,179.96)
(128.26,179.89)
(128.33,179.82)
(128.41,179.76)
(128.48,179.69)
(128.56,179.62)
(128.63,179.56)
(128.70,179.49)
(128.78,179.42)
(128.85,179.35)
(128.93,179.29)
(129.00,179.22)
(129.07,179.15)
(129.15,179.08)
(129.22,179.02)
(129.29,178.95)
(129.36,178.88)
(129.44,178.81)
(129.51,178.74)
(129.58,178.67)
(129.65,178.60)
(129.73,178.53)
(129.80,178.46)
(129.87,178.40)
(129.94,178.33)
(130.02,178.26)
(130.09,178.19)
(130.16,178.12)
(130.23,178.05)
(130.30,177.98)
(130.37,177.91)
(130.44,177.84)
(130.51,177.77)
(130.59,177.70)
(130.66,177.62)
(130.73,177.55)
(130.80,177.48)
(130.87,177.41)
(130.94,177.34)
(131.01,177.27)
(131.08,177.20)
(131.15,177.13)
(131.22,177.05)
(131.29,176.98)
(131.36,176.91)
(131.43,176.84)
(131.49,176.77)
(131.56,176.69)
(131.63,176.62)
(131.70,176.55)
(131.77,176.48)
(131.84,176.40)
(131.91,176.33)
(131.98,176.26)
(132.04,176.18)
(132.11,176.11)
(132.18,176.04)
(132.25,175.96)
(132.32,175.89)
(132.38,175.82)
(132.45,175.74)
(132.52,175.67)
(132.58,175.60)
(132.65,175.52)
(132.72,175.45)
(132.79,175.37)
(132.85,175.30)
(132.92,175.22)
(132.99,175.15)
(133.05,175.07)
(133.12,175.00)
(133.18,174.92)
(133.25,174.85)
(133.32,174.77)
(133.38,174.70)
(133.45,174.62)
(133.51,174.55)
(133.58,174.47)
(133.64,174.39)
(133.71,174.32)
(133.77,174.24)
(133.84,174.17)
(133.90,174.09)
(133.97,174.01)
(134.03,173.94)
(134.09,173.86)
(134.16,173.78)
(134.22,173.71)
(134.29,173.63)
(134.35,173.55)
(134.41,173.47)
(134.48,173.40)
(134.54,173.32)
(134.60,173.24)
(134.66,173.16)
(134.73,173.09)
(134.79,173.01)
(134.85,172.93)
(134.92,172.85)
(134.98,172.77)
(135.04,172.70)
(135.10,172.62)
(135.16,172.54)
(135.23,172.46)
(135.29,172.38)
(135.35,172.30)
(135.41,172.22)
(135.47,172.14)
(135.53,172.06)
(135.59,171.99)
(135.65,171.91)
(135.71,171.83)
(135.77,171.75)
(135.83,171.67)
(135.89,171.59)
(135.95,171.51)
(136.01,171.43)
(136.07,171.35)
(136.13,171.27)
(136.19,171.19)
(136.25,171.11)
(136.31,171.03)
(136.37,170.94)
(136.43,170.86)
(136.49,170.78)
(136.55,170.70)
(136.61,170.62)
(136.66,170.54)
(136.72,170.46)
(136.78,170.38)
(136.84,170.30)
(136.90,170.21)
(136.95,170.13)
(137.01,170.05)
(137.07,169.97)
(137.13,169.89)
(137.18,169.80)
(137.24,169.72)
(137.30,169.64)
(137.35,169.56)
(137.41,169.47)
(137.47,169.39)
(137.52,169.31)
(137.58,169.23)
(137.63,169.14)
(137.69,169.06)
(137.75,168.98)
(137.80,168.89)
(137.86,168.81)
(137.91,168.73)
(137.97,168.64)
(138.02,168.56)
(138.08,168.48)
(138.13,168.39)
(138.19,168.31)
(138.24,168.23)
(138.29,168.14)
(138.35,168.06)
(138.40,167.97)
(138.46,167.89)
(138.51,167.80)
(138.56,167.72)
(138.62,167.63)
(138.67,167.55)
(138.72,167.47)
(138.78,167.38)
(138.83,167.30)
(138.88,167.21)
(138.93,167.13)
(138.99,167.04)
(139.04,166.95)
(139.09,166.87)
(139.14,166.78)
(139.19,166.70)
(139.24,166.61)
(139.30,166.53)
(139.35,166.44)
(139.40,166.35)
(139.45,166.27)
(139.50,166.18)
(139.55,166.10)
(139.60,166.01)
penup
(139.65,165.92)
(139.70,165.84)
(139.75,165.75)
(139.80,165.66)
(139.85,165.58)
(139.90,165.49)
(139.95,165.40)
(140.00,165.32)
(140.05,165.23)
(140.10,165.14)
(140.15,165.05)
(140.19,164.97)
(140.24,164.88)
(140.29,164.79)
(140.34,164.70)
(140.39,164.62)
(140.43,164.53)
(140.48,164.44)
(140.53,164.35)
(140.58,164.26)
(140.62,164.18)
(140.67,164.09)
(140.72,164.00)
(140.77,163.91)
(140.81,163.82)
(140.86,163.73)
(140.91,163.65)
(140.95,163.56)
(141.00,163.47)
(141.04,163.38)
(141.09,163.29)
(141.13,163.20)
(141.18,163.11)
(141.23,163.02)
(141.27,162.93)
(141.32,162.85)
(141.36,162.76)
(141.40,162.67)
(141.45,162.58)
(141.49,162.49)
(141.54,162.40)
(141.58,162.31)
(141.63,162.22)
(141.67,162.13)
(141.71,162.04)
(141.76,161.95)
(141.80,161.86)
(141.84,161.77)
(141.89,161.68)
(141.93,161.59)
(141.97,161.50)
(142.01,161.41)
(142.06,161.31)
(142.10,161.22)
(142.14,161.13)
(142.18,161.04)
(142.22,160.95)
(142.26,160.86)
(142.31,160.77)
(142.35,160.68)
(142.39,160.59)
(142.43,160.50)
